0.5 2.35893499408665605
0.5 4.67550774984207957
0.5 7.42910977458417845
0.5 8.8045274245449002
0.5 10.6633007349536223
0.5 12.8024008108666289
0.5 14.1347251417346938
0.5 14.3361690075005155
0.5 15.4935349612430268
0.5 17.6007347912706336
0.5 19.1202528027985115
0.5 20.5421087044547353
0.5 21.022039638771555
0.5 21.6222064064813707
0.5 23.786167100158956
0.5 24.9066103995354128
0.5 25.0108575801456888
0.5 26.3781595927402343
0.5 27.4294107780064364
0.5 29.315636462947542
0.5 30.4248761258595132
0.5 30.813432186697565
0.5 31.6298507691371918
0.5 32.9350615877391897
0.5 33.1620067569741568
0.5 34.5185308348602041
0.5 36.3510145012540463
0.5 37.0509365180528807
0.5 37.5861781588256713
0.5 38.361186646821365
0.5 39.804810634381604
0.5 40.9187190121474952
0.5 41.376771367094415
0.5 42.4623951860437364
0.5 43.3270732809149995
0.5 43.7165784408621306
0.5 44.5853520475150709
0.5 46.634086470272092
0.5 47.3792986323362118
0.5 48.0051508811671597
0.5 48.9532570363894192
0.5 49.6764003056535154
0.5 49.7738324776723022
0.5 51.0800454039416147
0.5 52.866542666509642
0.5 52.9703214777144606
0.5 53.5667102619164253
0.5 54.9002803166822134
0.5 55.895191644796406
0.5 56.4462476970633948
0.5 57.2927854745752473
0.5 58.8093236318404637
0.5 59.3470440026023531
0.5 59.8062047377681651
0.5 60.6591408094596327
0.5 60.8317785246098098
0.5 62.0185247713225252
0.5 63.3624013420278075
0.5 64.6076030162265924
0.5 65.1125440480816067
0.5 65.9631950000545759
0.5 66.3668650955023018
0.5 67.0798105294941737
0.5 67.9461027684940742
0.5 69.2732258474412298
0.5 69.5464017111739793
0.5 70.5566694843527591
0.5 71.3663330346564742
0.5 72.0671576744819076
0.5 72.7341317172318315
0.5 73.3682965569396884
0.5 75.3585226280874497
0.5 75.7046906990839332
0.5 76.0837406309972332
0.5 78.4482201122186576
0.5 79.1394248773286145
0.5 79.3373750202493679
0.5 80.917960402761184
0.5 81.8896334210412874
0.5 82.9103808540860302
0.5 82.9511457984336941
0.5 83.7886497546864579
0.5 84.7354929805170501
0.5 85.0976086756788535
0.5 86.3132673371839304
0.5 87.4252746131252294
0.5 87.5797938172827074
0.5 88.7325283572501918
0.5 88.8091112076344654
0.5 89.2256881727282634
0.5 90.6492651813813458
0.5 91.9386546880023939
0.5 92.4918992705584843
0.5 93.0718658448463556
0.5 94.1136227836587497
0.5 94.651344040519887
0.5 95.177539862764843
0.5 95.8501631531573791
0.5 95.8706342282453098
0.5 97.4998582932711066
0.5 98.602365830604096
0.5 98.8311942181936922
0.5 99.5739233244588634
