0.5 1.45620323472518935
0.5 5.32620393620483663
0.5 7.11349023725727012
0.5 9.20856703596630626
0.5 10.5710632566639616
0.5 12.4948306319041341
0.5 13.0985093659142704
0.932969697485414105 15.6682495312784724
0.0670303025145858952 15.6682495312784724
0.5 17.5960508522145812
0.5 18.9013605867347205
0.5 19.809014211031051
0.5 21.4021266057390455
0.5 21.8876250585146904
0.5 23.5391677409657659
0.5 24.643180536503068
0.5 25.5254313109742828
0.5 26.5525331209287157
0.5 27.5816920280171075
0.5 29.2643898451897201
0.937666906700399378 29.9833952351555167
0.0623330932996006216 29.9833952351555167
0.5 32.434709250412178
0.5 32.9843559926540533
0.5 33.5577169956952139
0.5 34.541935444685233
0.696927045312291479 36.3740636863851281
0.303072954687708521 36.3740636863851281
0.5 37.9574096313045625
0.5 38.4042586309615812
0.5 39.7190854763463279
0.5 40.5380842017123801
0.5 41.5931822756882424
0.5 42.1032657582995291
0.823187316478086668 44.0001131802368973
0.176812683521913332 44.0001131802368973
0.5 44.5775693974720592
0.634907601915186689 46.7584086570050978
0.365092398084813311 46.7584086570050978
0.5 47.8164471996617728
0.5 48.432503256001701
0.5 49.7225312694896868
0.5 50.7624317121358605
0.5 51.0744794312077783
0.597437301597665099 52.7432664083217649
0.402562698402334901 52.7432664083217649
0.5 53.7288099111861395
0.5 55.0295822267680277
0.5 55.7884849045310022
0.5 56.555493972192291
0.5 57.2206605156130909
0.81117208120602838 58.5077373277318973
0.18882791879397162 58.5077373277318973
0.5 60.3961595608932141
0.799777723174959976 61.1402557102826833
0.200222276825040024 61.1402557102826833
0.5 62.0190115404070209
0.5 63.3868366350690951
0.5 64.5920439743353164
0.72485026259491679 64.9919447968174906
0.27514973740508321 64.9919447968174906
0.5 66.7080764298442185
0.5 67.4347728800648974
0.5 68.0458227363372586
0.5 68.9558080277628474
0.5 69.8293590844844656
0.5 70.41580498703404
0.5 71.5117864734695708
0.5 72.1137368440037399
0.5 72.9952968872770231
0.5 73.372439998787733
0.84546730515473345 75.3400054018537115
0.15453269484526655 75.3400054018537115
0.5 75.4867807341759897
0.5 76.7218368588294419
0.5 77.9724047045182317
0.5 78.7169027430925122
0.807718484573845828 79.4195449903801385
0.192281515426154172 79.4195449903801385
0.5 80.9001641721581541
0.5 81.8402875712110117
0.5 82.0864056462585548
0.5 83.4416533100045442
0.5 83.7699768160065705
0.5 84.7340216460425174
0.5 85.0212367360539784
0.5 86.4120766321266221
0.5 87.103708742440752
0.5 87.6213536000898844
0.5 88.336660298211362
0.907993366643900859 89.559827978558766
0.092006633356099141 89.559827978558766
0.5 90.6519039744915772
0.5 91.8811238558199606
0.5 92.5203357039422373
0.5 92.7091599937078249
0.5 93.5771726642162975
0.5 94.1745826938830811
0.5 95.9501649962358388
0.850280722674443426 96.1071713045800975
0.149719277325556574 96.1071713045800975
0.5 97.4758130273429673
0.5 98.4755443315072517
0.5 98.7789981252995381
0.5 99.6733518632665737
